$GPGSV,4,3,14,17,22,270,07,19,01,254,,21,56,041,18,22,09,310,*72
$GPGSV,4,4,14,27,04,063,,30,43,294,15*77
$GPGLL,2446.20112,N,12057.44141,E,120925.00,A,A*65
$GPRMC,120926.00,A,2446.20276,N,12057.44129,E,9.292,25.17,061223,,,A*5B
$GPVTG,25.17,T,,M,9.292,N,17.210,K,A*39
$GPGGA,120926.00,2446.20276,N,12057.44129,E,1,04,3.92,133.9,M,16.2,M,,*5D
$GPGSA,A,3,02,21,03,17,,,,,,,,,7.59,3.92,6.51*07
$GPGSV,4,1,14,01,83,143,18,02,69,043,11,03,18,149,09,07,60,247,*79
$GPGSV,4,2,14,08,36,039,16,09,03,206,,14,25,318,,16,05,114,*7A
$GPGSV,4,3,14,17,22,270,09,19,01,254,,21,56,041,18,22,09,310,*7C
$GPGSV,4,4,14,27,04,063,,30,43,294,15*77
$GPGLL,2446.20276,N,12057.44129,E,120926.00,A,A*69
$GPRMC,120927.00,A,2446.20506,N,12057.44161,E,9.267,19.78,061223,,,A*5A
$GPVTG,19.78,T,,M,9.267,N,17.162,K,A*33
$GPGGA,120927.00,2446.20506,N,12057.44161,E,1,04,3.92,135.9,M,16.2,M,,*56
$GPGSA,A,3,02,21,03,17,,,,,,,,,7.59,3.92,6.51*07
$GPGSV,4,1,14,01,83,143,18,02,69,043,11,03,18,149,09,07,60,247,*79
$GPGSV,4,2,14,08,36,039,15,09,03,206,,14,25,318,,16,05,114,*79
$GPGSV,4,3,14,17,22,270,09,19,01,254,,21,56,041,18,22,09,310,*7C
$GPGSV,4,4,14,27,04,063,,30,43,294,16*74
$GPGLL,2446.20506,N,12057.44161,E,120927.00,A,A*64
$GPRMC,120928.00,A,2446.20758,N,12057.44270,E,9.683,19.60,061223,,,A*58
$GPVTG,19.60,T,,M,9.683,N,17.932,K,A*39
$GPGGA,120928.00,2446.20758,N,12057.44270,E,1,04,3.92,135.8,M,16.2,M,,*52
$GPVTG,,,,,,,,,N*30
$GPGGA,120945.00,,,,,0,03,11.96,,,,,,*61
$GPGSA,A,1,02,21,17,,,,,,,,,,12.00,11.96,1.00*0A
$GPGSV,4,1,14,01,83,141,21,02,68,042,15,03,18,149,,07,60,247,*7C
$GPGSV,4,2,14,08,36,039,,09,03,206,,14,25,318,,16,05,114,08*75
$GPGSV,4,3,14,17,22,270,09,19,01,254,,21,56,041,18,22,09,310,*7C
$GPGSV,4,4,14,27,04,063,07,30,43,294,10*75
$GPGLL,,,,,120945.00,V,N*41
$GPRMC,120946.00,V,,,,,,,061223,,,N*71
$GPVTG,,,,,,,,,N*30
$GPGGA,120946.00,,,,,0,03,11.97,,,,,,*63
$GPGSA,A,1,02,21,17,,,,,,,,,,12.01,11.97,1.00*0A
$GPGSV,4,1,14,01,83,141,21,02,68,042,15,03,18,149,,07,60,246,*7D
$GPGSV,4,2,14,08,36,039,,09,03,206,,14,25,318,,16,05,114,08*75
$GPGSV,4,3,14,17,22,270,09,19,01,254,,21,56,041,17,22,09,310,*73
$GPGSV,4,4,14,27,04,063,07,30,43,294,10*75
$GPGLL,,,,,120946.00,V,N*42
$GPGSV,4,2,14,08,36,039,,09,03,206,,14,25,318,,16,04,114,*7C
$GPGSV,4,3,14,17,22,270,10,19,01,254,,21,56,041,20,22,09,310,10*7E
$GPGSV,4,4,14,27,04,063,09,30,43,294,08*72
$GPGLL,,,,,120957.00,V,N*42
$GPRMC,120958.00,V,,,,,,,061223,,,N*7E
$GPVTG,,,,,,,,,N*30
$GPGGA,120958.00,,,,,0,04,11.99,,,,,,*65
$GPGSA,A,1,02,21,03,17,,,,,,,,,12.03,11.99,1.00*05
$GPGSV,4,1,14,01,83,141,26,02,68,042,18,03,18,149,13,07,60,246,*75
$GPGSV,4,2,14,08,36,039,,09,03,206,,14,25,318,,16,04,114,*7C
$GPGSV,4,3,14,17,22,270,10,19,01,255,,21,56,041,19,22,09,310,11*74
$GPGSV,4,4,14,27,04,063,09,30,43,294,08*72
$GPGLL,,,,,120958.00,V,N*4D
$GPRMC,120959.00,A,2446.21577,N,12057.45911,E,10.362,277.67,061223,,,A*52
$GPVTG,277.67,T,,M,10.362,N,19.190,K,A*38
$GPGGA,120959.00,2446.21577,N,12057.45911,E,1,04,3.89,131.9,M,16.2,M,,*58
$GPGSA,A,3,02,21,03,17,,,,,,,,,7.59,3.89,6.52*0E
$GPGSV,4,1,14,01,83,141,26,02,68,042,19,03,18,149,14,07,60,246,*73
$GPGSV,4,2,14,08,36,039,,09,03,206,,14,25,318,,16,04,114,*7C
$GPGSV,4,3,14,17,22,270,10,19,01,255,,21,56,041,20,22,09,310,13*7C
$GPGSV,4,4,14,27,04,063,09,30,43,294,08*72
$GPGLL,2446.21577,N,12057.45911,E,120959.00,A,A*64
$GPRMC,121000.00,A,2446.21560,N,12057.45807,E,10.929,267.14,061223,,,A*56
$GPVTG,267.14,T,,M,10.929,N,20.240,K,A*3C
$GPGGA,121000.00,2446.21560,N,12057.45807,E,1,04,3.89,131.2,M,16.2,M,,*57

#2446.21577,N,12057.45911,E
#2446.21560,N,12057.45807,E